002542730X
0060096195
006016848X
0060173289
0060175400
0060188731
0060199652
0060391626
0060392452
0060502258
0060915544
0060916508
0060921145
0060922532
0060928336
0060929871
0060930535
0060932759
0060934417
0060938455
0060958022
0060959037
0060976845
0060977493
0060987103
0060987529
0060987561
006099486X
0061009059
006101351X
0061015725
0061020710
0061097101
0061097314
0062502182
0064400557
0064407667
0064407675
0064472272
0066214122
0070212570
0099771519
0140042598
0140067477
0140119906
0140177396
014023313X
0140244824
014025448X
014028009X
0140293248
014029628X
0140298479
014038572X
014100018X
0141000198
0142000205
0142001430
0142001740
0142001805
0142004235
0151008116
0156007754
0156027321
0156528207
0156628708
0312195516
0312243022
0312263120
0312265859
0312265867
0312278586
0312282990
0312291639
0312305060
0312306326
0312421273
0312422156
031242227X
0312924585
0312966091
0312966970
0312971346
0312976275
0312980140
0312980159
0312983271
031298328X
0312983824
0312983867
0312990456
0312995423
0316089699
0316096199
0316168688
0316182540
0316284955
0316569321
0316601950
0316602906
0316666009
0316666343
0316693006
0316693200
0316693235
0316769487
0316776963
0316777722
0316777730
0316780375
0316781142
0316781266
0316782505
0316788228
0316789089
0316899984
0316969443
0316969680
0330332775
0345313860
0345337662
0345339681
0345339703
0345339711
0345339738
0345342968
0345348036
0345350499
0345351525
0345353145
0345361792
034536676X
0345369947
0345370775
0345378482
0345378490
0345380371
0345384369
0345384466
034538475X
0345387651
0345391055
0345391802
0345402871
034540288X
0345413350
0345413369
0345413873
034541389X
0345413903
0345417623
0345424719
0345427637
0345435168
0345436911
0345438329
0345439104
0345441036
0345443284
0345444884
0345445848
0345446860
0345465083
0373218397
0374129983
0375400117
0375412824
0375502238
0375504397
0375506039
0375700757
0375702709
0375703055
0375703063
0375703861
037570504X
0375705856
0375706771
0375707972
0375725784
0375726403
0375727132
0375727345
0375760911
0380002930
0380012863
0380018179
0380710218
0380717018
0380718332
0380718340
0380727501
0380730138
0380731851
0380789019
0380789035
038079487X
0380813815
038082101X
0380977788
0385265700
038529929X
038533334X
0385335482
0385335830
0385335881
0385336179
0385420161
038542017X
0385424728
0385424736
0385472951
0385474016
0385479565
0385484518
0385486804
038549081X
0385490992
0385492081
0385493800
0385497466
0385498802
038550120X
0385502532
0385503822
0385503954
0385504209
0385505833
0385508042
038550926X
0385510438
0385511612
0385512104
0385720106
0385720955
0385721420
038572179X
0385722206
0385730586
0394820371
039592720X
0399143947
0399144463
0399146431
0399147195
0399149155
0399149325
0399150897
0399501487
0425083837
042510107X
0425107469
0425124347
042513525X
0425143325
0425144429
0425147622
0425152251
0425154092
0425158616
042516098X
0425162443
0425163407
0425167313
0425169863
0425172546
0425175405
0425177173
0425180638
0425180964
0425182878
0425182908
0425192725
0439064864
0439064872
0439136350
0439136369
0439139597
0439139600
043935806X
043936213X
0440180295
0440206154
0440211263
044021145X
0440211727
0440212561
0440213525
0440214041
0440215625
0440219078
0440220602
044022103X
0440221471
0440221595
044022165X
0440222656
0440223202
0440224624
0440224675
0440224764
0440225701
0440226104
0440226430
0440234743
0440235162
0440235596
0440236673
0440236703
044023722X
0440241073
0440241537
0440414806
0440498058
0440998050
0441003257
0441172717
0441304834
0441569595
0441790348
0446310786
0446359866
0446364193
0446394521
044651652X
0446516538
044651862X
0446519138
0446520802
0446531332
0446532231
0446601241
0446604666
0446604801
0446605239
0446605409
0446605484
0446606189
0446606324
0446606812
0446607657
0446607711
0446608815
0446608955
0446609404
0446610038
0446610100
0446610399
0446611085
0446611212
0446611808
0446611867
0446612545
0446612790
0446670111
0446670251
0446672211
0446675059
0446679593
0449003787
0449003795
0449005615
0449006522
0449212602
0449219364
0449219461
0449221482
0449221490
0449221504
0449221512
0449223612
0449907481
0449911519
0449912558
0451156609
0451160525
0451163966
0451166892
0451167317
0451169522
0451169530
0451172817
0451176464
0451177096
0451180232
0451183665
0451184963
0451186362
0451191145
0451202341
0451203771
0451203895
0451204530
0451207521
0451524934
0451526341
0452260116
0452264464
0452268060
0452269571
0452280621
0452282152
0452282195
0452282829
0452283205
0452284449
0515126772
0515128546
0515128554
0515130389
0515131229
0515132020
0515132187
051513287X
0515133973
0515135062
051513628X
0515136379
0515136530
0525947647
0552996009
0552998486
0553208845
055321313X
0553213148
0553250426
0553250531
0553260111
0553268880
0553271636
0553272535
0553273914
0553274295
0553274503
0553275976
0553277472
0553279378
0553279556
0553279912
0553280341
0553280368
0553280414
0553284789
0553289411
0553296981
0553375407
055356451X
0553572997
0553573136
0553574574
0553578022
0553579606
0553579754
0553580221
0553582127
0553582135
0553582526
0553582747
0553582755
0590353403
059035342X
0609610597
0609804138
0670865796
0670880728
067088300X
0670892963
0670894605
0671001795
0671003755
0671004107
0671004530
0671004565
0671004573
0671011367
0671014196
0671021001
067102423X
0671024248
0671027344
0671027360
0671027387
0671028375
0671038184
0671041789
0671042262
0671042858
0671250671
0671510053
0671617028
0671693816
0671708635
0671727796
0671758896
0671776134
0671793489
0671867113
0671867156
0671867172
0671894455
0679429220
0679444815
0679446486
0679723161
0679731148
0679734775
0679735771
0679735909
0679745203
0679746048
0679751521
067976402X
0684801523
0684833395
068484267X
068484477X
0684848783
0684853515
0684865742
0684867621
0684872153
0684874350
0688177751
0688177859
0689817851
0743203631
0743206045
0743211375
0743211383
0743224574
0743225406
0743227441
0743235150
0743237188
0743411250
0743412028
0743418174
0743418204
0743436210
074343627X
0743437640
0743457358
0743467523
0767900383
0767902521
0767905180
0767905385
076790592X
0786817070
0786867647
0786868716
0786881852
0786885688
0802130208
080213825X
0802139256
080410526X
0804105820
0804106304
080410753X
080411109X
0804111359
0804114986
080411868X
0805062971
0805063897
0812511816
0812550706
0842329129
0842329218
0842329242
0842329250
0842342702
0871136791
0877017883
0894805770
089480829X
0971880107
140003065X
1400031346
1400031354
1400031362
1400032717
1400034779
155874262X
1558743669
1558744150
1558744630
1558745157
1558745718
1559029838
1573225517
1573225789
1573227331
1573229326
1573229571
1576737330
1592400876
1844262553
1878424319
